0.84835479
0.87362899
0.87887458
0.88507392
0.90891750
0.90987124
0.91607058
0.92179304
0.91893181
0.92226991
0.89461135
0.91988555
0.92274678
0.92894611
0.93085360
0.94134478
0.93037673
0.93037673
0.93609919
0.92560801
0.94706724
0.94802098
0.94754411
0.94849785
0.94897473
0.94849785
0.94849785
0.94802098
0.94802098
0.94802098
0.94849785
0.94849785
0.94849785
0.94897473
0.94849785
0.94849785
0.94849785
0.94849785
0.94849785
0.94945160
0.94945160
0.94945160
0.94945160
0.94945160
0.94945160
0.94945160
0.94945160
0.94945160
0.94945160
0.94945160
0.94945160
0.94945160
0.94945160
0.94945160
0.94945160
0.94992847
0.94992847
0.94992847
0.94992847
0.94992847
0.94897473
0.94897473
0.94897473
0.94897473
0.94897473
0.94897473
0.94897473
0.94897473
0.94897473
0.94897473
0.94897473
0.94897473
0.94897473
0.94897473
0.94897473
0.94897473
0.94802098
0.94802098
0.94802098
0.94802098
0.94802098
0.94802098
0.94802098
0.94802098
0.94849785
0.94849785
0.94849785
0.94849785
0.94849785
0.94849785
0.94849785
0.94849785
0.94897473
0.94897473
0.94897473
0.94849785
0.94849785
0.94849785
0.94849785
0.94849785
0.94802098
0.94849785
0.94897473
0.94897473
0.94945160
0.94945160
0.94945160
0.94945160
0.94945160
0.94992847
0.95040534
0.94992847
0.94992847
0.95040534
0.95040534
0.95088221
0.95088221
0.95088221
0.95088221
0.95088221
